HMMER3/f [3.1b1 | February 2013]
NAME  Query
LENG  25
ALPH  amino
RF    no
MM    no
CONS  yes
CS    no
MAP   yes
DATE  Thu Jun 20 10:54:57 2013
NSEQ  12
EFFN  2.762695
CKSUM 130450980
STATS LOCAL MSV       -6.2991  0.72014
STATS LOCAL VITERBI   -6.9855  0.72014
STATS LOCAL FORWARD   -4.2205  0.72014
HMM          A        C        D        E        F        G        H        I        K        L        M        N        P        Q        R        S        T        V        W        Y   
            m->m     m->i     m->d     i->m     i->i     d->m     d->d
  COMPO   2.97633  5.16233  2.39950  2.61516  2.89107  2.29844  3.14299  2.85275  2.79222  2.44169  4.63004  3.54757  4.07575  4.07323  3.04337  2.64413  2.52526  2.58935  5.52552  3.73299
          2.68618  4.42225  2.77519  2.73123  3.46354  2.40513  3.72494  3.29354  2.67741  2.69355  4.24690  2.90347  2.73739  3.18146  2.89801  2.37887  2.77519  2.98518  4.58477  3.61503
          0.01155  4.86307  5.58541  0.61958  0.77255  0.00000        *
      1   3.13558  5.16367  3.51038  3.28731  4.41836  3.74920  1.08410  4.45152  3.32497  4.00889  4.88760  3.67785  4.39808  3.74168  3.66162  1.25181  3.53386  3.99444  5.82250  4.35037      1 h - . -
          2.68618  4.42225  2.77519  2.73123  3.46354  2.40513  3.72494  3.29354  2.67741  2.69355  4.24690  2.90347  2.73739  3.18146  2.89801  2.37887  2.77519  2.98518  4.58477  3.61503
          0.01155  4.86307  5.58541  0.61958  0.77255  0.48576  0.95510
      2   4.40429  6.37273  0.17136  3.49028  5.96868  4.30153  5.21901  5.85914  4.52517  5.28729  6.37170  4.06690  5.00926  4.51755  5.09327  4.31684  4.78293  5.41472  6.87356  5.79995      2 D - . -
          2.68618  4.42225  2.77519  2.73123  3.46354  2.40513  3.72494  3.29354  2.67741  2.69355  4.24690  2.90347  2.73739  3.18146  2.89801  2.37887  2.77519  2.98518  4.58477  3.61503
          0.01155  4.86307  5.58541  0.61958  0.77255  0.48576  0.95510
      3   4.26650  5.84360  5.10708  5.14648  6.09254  0.09518  6.08943  6.02916  5.43506  5.49428  6.54489  5.27557  5.23908  5.68605  5.47139  4.47794  4.80631  5.38090  6.83934  6.25685      3 G - . -
          2.68618  4.42225  2.77519  2.73123  3.46354  2.40513  3.72494  3.29354  2.67741  2.69355  4.24690  2.90347  2.73739  3.18146  2.89801  2.37887  2.77519  2.98518  4.58477  3.61503
          0.01155  4.86307  5.58541  0.61958  0.77255  0.48576  0.95510
      4   4.28848  6.04348  4.52671  4.06486  5.69017  4.52894  4.78956  5.23967  0.22488  4.61338  5.60516  4.40651  5.02730  3.98606  3.19966  4.31971  4.50396  4.92149  6.37850  5.41132      4 K - . -
          2.68618  4.42225  2.77519  2.73123  3.46354  2.40513  3.72494  3.29354  2.67741  2.69355  4.24690  2.90347  2.73739  3.18146  2.89801  2.37887  2.77519  2.98518  4.58477  3.61503
          0.01155  4.86307  5.58541  0.61958  0.77255  0.48576  0.95510
      5   3.67448  5.24104  4.41486  4.02133  3.35890  4.45299  1.07413  3.49120  3.64135  1.17242  4.06722  4.28896  4.87136  4.13737  3.83790  3.89865  3.92689  3.45935  5.02504  3.47370      5 h - . -
          2.68618  4.42225  2.77519  2.73123  3.46354  2.40513  3.72494  3.29354  2.67741  2.69355  4.24690  2.90347  2.73739  3.18146  2.89801  2.37887  2.77519  2.98518  4.58477  3.61503
          0.01155  4.86307  5.58541  0.61958  0.77255  0.48576  0.95510
      6   4.99904  5.87773  5.76229  5.74407  0.75849  5.41761  4.01844  4.52878  5.51631  3.63810  5.03943  4.93770  5.66792  5.12463  5.28493  4.84112  5.18953  4.50189  4.08743  0.96040      6 f - . -
          2.68618  4.42225  2.77519  2.73123  3.46354  2.40513  3.72494  3.29354  2.67741  2.69355  4.24690  2.90347  2.73739  3.18146  2.89801  2.37887  2.77519  2.98518  4.58477  3.61503
          0.01155  4.86307  5.58541  0.61958  0.77255  0.48576  0.95510
      7   3.73773  5.11944  5.45242  5.22541  4.53071  4.72821  5.94487  2.51912  5.13608  3.09455  4.41490  5.25854  5.29632  5.46076  5.25395  4.36988  4.11047  0.30287  6.42981  5.21044      7 V - . -
          2.68618  4.42225  2.77519  2.73123  3.46354  2.40513  3.72494  3.29354  2.67741  2.69355  4.24690  2.90347  2.73739  3.18146  2.89801  2.37887  2.77519  2.98518  4.58477  3.61503
          0.01155  4.86307  5.58541  0.61958  0.77255  0.48576  0.95510
      8   2.83431  4.77658  4.22826  4.14708  5.38784  0.88088  5.23964  4.92945  4.38378  4.58638  5.36171  4.10277  4.34542  4.56669  4.60764  1.08312  3.39573  4.10422  6.68450  5.55264      8 g - . -
          2.68630  4.42237  2.77531  2.73135  3.46366  2.40524  3.72506  3.29366  2.67752  2.69367  4.24701  2.90358  2.73751  3.18158  2.89812  2.37770  2.77531  2.98530  4.58489  3.61515
          0.41801  1.08503  5.58541  0.09450  2.40606  0.48576  0.95510
      9   4.29723  6.28000  3.45920  0.19714  5.83978  4.29438  5.10423  5.56996  4.17151  5.03274  6.07947  4.04986  4.96776  4.37228  4.61380  4.23038  4.64277  5.17858  6.76394  5.67595     10 E - . -
          2.68618  4.42225  2.77519  2.73123  3.46354  2.40513  3.72494  3.29354  2.67741  2.69355  4.24690  2.90347  2.73739  3.18146  2.89801  2.37887  2.77519  2.98518  4.58477  3.61503
          0.01155  4.86307  5.58541  0.61958  0.77255  0.48576  0.95510
     10   3.21179  5.36951  3.54397  3.12363  5.06149  3.83612  4.20972  4.49987  1.02603  3.99199  4.82222  3.55521  4.36316  3.35601  2.97277  1.35287  3.51285  4.06433  6.06194  4.80520     14 k - . -
          2.68618  4.42225  2.77519  2.73123  3.46354  2.40513  3.72494  3.29354  2.67741  2.69355  4.24690  2.90347  2.73739  3.18146  2.89801  2.37887  2.77519  2.98518  4.58477  3.61503
          0.01155  4.86307  5.58541  0.61958  0.77255  0.48576  0.95510
     11   4.51621  6.08057  5.11696  4.53595  5.72146  4.67106  5.05545  5.44294  3.30338  4.77172  5.81523  4.78865  5.19201  4.29624  0.17313  4.60560  4.75874  5.13395  6.43805  5.53973     15 R - . -
          2.68618  4.42225  2.77519  2.73123  3.46354  2.40513  3.72494  3.29354  2.67741  2.69355  4.24690  2.90347  2.73739  3.18146  2.89801  2.37887  2.77519  2.98518  4.58477  3.61503
          0.01155  4.86307  5.58541  0.61958  0.77255  0.48576  0.95510
     12   4.79162  5.91040  5.63831  5.59267  0.20191  5.06416  4.71439  4.34226  5.51649  3.50855  4.95035  5.29245  5.55249  5.43951  5.39714  4.94768  5.11691  4.38521  4.81995  3.12794     16 F - . -
          2.68618  4.42225  2.77519  2.73123  3.46354  2.40513  3.72494  3.29354  2.67741  2.69355  4.24690  2.90347  2.73739  3.18146  2.89801  2.37887  2.77519  2.98518  4.58477  3.61503
          0.01155  4.86307  5.58541  0.61958  0.77255  0.48576  0.95510
     13   3.55201  6.14228  2.66123  0.94238  5.47410  3.76005  4.34624  5.05006  3.36258  4.51135  5.38117  1.27341  4.40894  3.51946  3.93938  3.42105  3.85605  4.59003  6.61744  5.09736     17 e - . -
          2.68618  4.42225  2.77519  2.73123  3.46354  2.40513  3.72494  3.29354  2.67741  2.69355  4.24690  2.90347  2.73739  3.18146  2.89801  2.37887  2.77519  2.98518  4.58477  3.61503
          0.01155  4.86307  5.58541  0.61958  0.77255  0.48576  0.95510
     14   2.76998  4.70338  4.34839  4.12128  5.12929  3.48473  5.09018  4.56209  4.14314  4.27004  5.07649  4.06349  4.29540  4.40199  4.37894  0.87754  1.16676  3.88450  6.47096  5.30806     18 s - . -
          2.68618  4.42225  2.77519  2.73123  3.46354  2.40513  3.72494  3.29354  2.67741  2.69355  4.24690  2.90347  2.73739  3.18146  2.89801  2.37887  2.77519  2.98518  4.58477  3.61503
          0.01155  4.86307  5.58541  0.61958  0.77255  0.48576  0.95510
     15   4.02742  5.21580  5.99344  5.47751  3.69342  5.51931  5.95031  0.92733  5.34668  0.98975  3.43682  5.68451  5.57641  5.31691  5.35326  4.95764  4.25446  2.44762  5.95113  4.93261     19 i - . -
          2.68618  4.42225  2.77519  2.73123  3.46354  2.40513  3.72494  3.29354  2.67741  2.69355  4.24690  2.90347  2.73739  3.18146  2.89801  2.37887  2.77519  2.98518  4.58477  3.61503
          0.01155  4.86307  5.58541  0.61958  0.77255  0.48576  0.95510
     16   1.21159  5.03334  3.72336  3.46559  4.48377  3.74320  1.06630  4.24615  3.44004  3.87472  4.77045  3.79605  4.40580  3.85835  3.74994  3.21620  3.49554  3.82796  5.87834  4.49178     20 h - . -
          2.68618  4.42225  2.77519  2.73123  3.46354  2.40513  3.72494  3.29354  2.67741  2.69355  4.24690  2.90347  2.73739  3.18146  2.89801  2.37887  2.77519  2.98518  4.58477  3.61503
          0.01155  4.86307  5.58541  0.61958  0.77255  0.48576  0.95510
     17   3.72178  6.49640  0.88211  1.11646  5.75480  3.76200  4.43461  5.36623  3.63052  4.79429  5.71498  3.20597  4.46126  3.62257  4.35836  3.53271  4.04345  4.87792  6.91985  5.29860     21 d - . -
          2.68689  4.42296  2.77591  2.73194  3.46425  2.40584  3.71098  3.29425  2.67812  2.69250  4.24761  2.90418  2.73811  3.18217  2.89872  2.37830  2.77591  2.98355  4.58548  3.61574
          0.41801  1.08503  5.58541  1.70868  0.19980  0.48576  0.95510
     18   3.33391  4.88589  4.80829  4.37394  3.78267  4.29324  5.01023  2.87789  4.17557  0.91604  3.66511  4.52241  4.79326  4.45949  4.33712  3.71465  1.36781  2.85116  5.62918  4.47158     28 l - . -
          2.68618  4.42225  2.77519  2.73123  3.46354  2.40513  3.72494  3.29354  2.67741  2.69355  4.24690  2.90347  2.73739  3.18146  2.89801  2.37887  2.77519  2.98518  4.58477  3.61503
          0.01155  4.86307  5.58541  0.61958  0.77255  0.48576  0.95510
     19   3.73773  5.11944  5.45242  5.22541  4.53071  4.72821  5.94487  2.51912  5.13608  3.09455  4.41490  5.25854  5.29632  5.46076  5.25395  4.36988  4.11047  0.30287  6.42981  5.21044     29 V - . -
          2.68618  4.42225  2.77519  2.73123  3.46354  2.40513  3.72494  3.29354  2.67741  2.69355  4.24690  2.90347  2.73739  3.18146  2.89801  2.37887  2.77519  2.98518  4.58477  3.61503
          0.01155  4.86307  5.58541  0.61958  0.77255  0.48576  0.95510
     20   1.08116  4.66698  4.57016  4.33649  5.03832  3.49919  5.18327  4.29318  4.30218  4.12147  4.97766  4.15844  4.31565  4.53925  4.48746  2.98257  0.90903  3.72035  6.43113  5.29901     30 t - . -
          2.68618  4.42225  2.77519  2.73123  3.46354  2.40513  3.72494  3.29354  2.67741  2.69355  4.24690  2.90347  2.73739  3.18146  2.89801  2.37887  2.77519  2.98518  4.58477  3.61503
          0.01155  4.86307  5.58541  0.61958  0.77255  0.48576  0.95510
     21   4.40429  6.37273  0.17136  3.49028  5.96868  4.30153  5.21901  5.85914  4.52517  5.28729  6.37170  4.06690  5.00926  4.51755  5.09327  4.31684  4.78293  5.41472  6.87356  5.79995     31 D - . -
          2.68618  4.42225  2.77519  2.73123  3.46354  2.40513  3.72494  3.29354  2.67741  2.69355  4.24690  2.90347  2.73739  3.18146  2.89801  2.37887  2.77519  2.98518  4.58477  3.61503
          0.01155  4.86307  5.58541  0.61958  0.77255  0.48576  0.95510
     22   4.26650  5.84360  5.10708  5.14648  6.09254  0.09518  6.08943  6.02916  5.43506  5.49428  6.54489  5.27557  5.23908  5.68605  5.47139  4.47794  4.80631  5.38090  6.83934  6.25685     32 G - . -
          2.68618  4.42225  2.77519  2.73123  3.46354  2.40513  3.72494  3.29354  2.67741  2.69355  4.24690  2.90347  2.73739  3.18146  2.89801  2.37887  2.77519  2.98518  4.58477  3.61503
          0.01155  4.86307  5.58541  0.61958  0.77255  0.48576  0.95510
     23   4.47727  5.69617  5.77230  5.49977  3.84847  5.23800  5.89677  3.15994  5.29884  0.21974  3.70637  5.71596  5.56545  5.39662  5.27965  5.09464  4.74996  3.42964  5.96577  4.89380     33 L - . -
          2.68618  4.42225  2.77519  2.73123  3.46354  2.40513  3.72494  3.29354  2.67741  2.69355  4.24690  2.90347  2.73739  3.18146  2.89801  2.37887  2.77519  2.98518  4.58477  3.61503
          0.01155  4.86307  5.58541  0.61958  0.77255  0.48576  0.95510
     24   3.95830  5.21734  5.61055  5.33501  4.28437  5.06552  5.98927  0.33299  5.21102  2.75366  4.15155  5.47849  5.48877  5.50829  5.31535  4.75830  4.26829  2.35536  6.29754  5.08794     34 I - . -
          2.68618  4.42225  2.77519  2.73123  3.46354  2.40513  3.72494  3.29354  2.67741  2.69355  4.24690  2.90347  2.73739  3.18146  2.89801  2.37887  2.77519  2.98518  4.58477  3.61503
          0.01155  4.86307  5.58541  0.61958  0.77255  0.48576  0.95510
     25   3.33898  5.15492  4.73830  4.65462  5.28365  3.93643  5.53364  4.59996  4.63079  4.40140  5.43755  4.59584  4.73170  4.97050  4.76018  3.55651  0.23419  4.13754  6.56742  5.52039     35 T - . -
          2.68527  4.42308  2.77603  2.73206  3.46437  2.40596  3.72086  3.29437  2.67824  2.69262  4.24773  2.90430  2.73456  3.18229  2.89884  2.37970  2.77412  2.98601  4.58560  3.61145
          0.41425  1.08127        *  1.85726  0.16972  0.00000        *
//
